Output:
   0 202.244495
   1 157.997172
   2 119.725894
   3 95.970263
   4 87.027335
   5 87.336763
   6 90.005421
   7 90.305967
   8 86.865253
   9 80.937941
  10 74.786024
  11 70.167823
  12 67.609261
  13 66.580660
  14 66.179939
  15 65.746690
  16 65.062888
  17 64.184110
  18 63.180654
  19 62.031154
  20 60.704911
  21 59.293575
  22 58.043731
  23 57.264404
  24 57.188981
  25 57.875659
  26 59.181948
  27 60.813363
  28 62.427171
  29 63.754798
  30 64.696881
  31 65.346734
  32 65.917675
  33 66.602645
  34 67.455336
  35 68.379172
  36 69.225182
  37 69.913943
  38 70.491836
  39 71.093458
  40 71.844276
  41 72.766073
  42 73.743645
  43 74.577747
  44 75.095918
  45 75.251524
  46 75.146620
  47 74.968539
  48 74.893921
  49 75.031541
  50 75.427055
  51 76.090244
  52 77.004989
  53 78.137926
  54 79.476934
  55 81.068845
  56 82.996166
  57 85.320606
  58 88.108836
  59 91.573335
  60 96.171593
  61 102.456636
  62 110.662170
  63 120.267416
  64 129.878868
  65 137.600206
  66 141.751766
  67 141.568078
  68 137.508927
  69 131.048761
  70 124.089149
  71 118.296872
  72 114.663479
  73 113.467115
  74 114.635372
  75 118.276903
  76 124.950201
  77 135.252378
  78 148.742445
  79 162.971119
  80 173.773241
  81 177.207647
  82 171.977754
  83 160.436546
  84 147.343834
  85 137.358724
  86 132.990185
  87 133.970160
  88 137.911041
  89 141.657966
  90 142.765779
  91 140.505778
  92 135.890926
  93 130.766529
  94 126.689214
  95 124.359143
  96 123.742472
  97 124.469741
  98 126.114839
  99 128.280060
 100 130.588797
 101 132.669687
 102 134.180037
 103 134.895584
 104 134.826614
 105 134.258360
 106 133.660190
 107 133.533071
 108 134.318476
 109 136.394742
 110 140.047414
 111 145.313280
 112 151.789686
 113 158.634364
 114 164.846205
 115 169.649737
 116 172.713951
 117 174.092631
 118 174.001737
 119 172.680884
 120 170.510627
 121 168.255392
 122 167.047404
 123 167.911569
 124 171.149892
 125 176.128856
 126 181.637970
 127 186.475644
 128 189.843502
 129 191.446428
 130 191.441331
 131 190.334938
 132 188.800370
 133 187.404974
 134 186.380342
 135 185.605912
 136 184.835542
 137 184.009096
 138 183.428448
 139 183.668272
 140 185.254220
 141 188.284425
 142 192.223387
 143 196.017031
 144 198.498803
 145 198.890779
 146 197.146055
 147 193.950013
 148 190.373158
 149 187.374586
 150 185.451894
 151 184.615098
 152 184.613634
 153 185.188688
 154 186.178670
 155 187.478510
 156 188.966791
 157 190.492172
 158 191.917284
 159 193.165525
 160 194.240799
 161 195.229671
 162 196.286441
 163 197.576168
 164 199.178993
 165 201.023888
 166 202.925442
 167 204.709422
 168 206.319894
 169 207.810370
 170 209.234619
 171 210.556214
 172 211.679702
 173 212.582468
 174 213.420879
 175 214.506333
 176 216.183172
 177 218.768482
 178 222.689455
 179 228.722137
 180 237.952888
 181 251.114954
 182 267.513325
 183 284.428654
 184 297.828055
 185 304.161695
 186 301.989178
 187 292.354442
 188 277.998071
 189 262.260828
 190 248.219926
 191 238.030053
 192 232.460360
 193 230.889920
 194 231.867090
 195 233.896085
 196 235.981156
 197 237.736084
 198 239.182015
 199 240.461542
 200 241.637469
 201 242.638707
 202 243.322348
 203 243.570303
 204 243.352013
 205 242.743322
 206 241.931396
 207 241.212044
 208 240.940016
 209 241.406945
 210 242.698626
 211 244.630383
 212 246.813554
 213 248.815995
 214 250.329309
 215 251.270694
 216 251.795590
 217 252.231921
 218 252.950472
 219 254.197351
 220 255.965293
 221 258.004884
 222 259.986580
 223 261.684802
 224 263.040256
 225 264.094726
 226 264.911477
 227 265.562826
 228 266.158971
 229 266.849251
 230 267.768442
 231 268.954956
 232 270.295390
 233 271.550776
 234 272.481341
 235 273.009612
 236 273.305634
 237 273.707060
 238 274.494241
 239 275.656384
 240 276.828118
 241 277.489601
 242 277.330206
 243 276.517507
 244 275.655882
 245 275.458556
 246 276.376194
 247 278.420208
 248 281.230444
 249 284.276636
 250 287.064851
 251 289.276685
 252 290.810364
 253 291.722628
 254 292.117808
 255 292.068363
 256 291.627043
 257 290.906400
 258 290.129008
 259 289.568913
 260 289.408730
 261 289.632190
 262 290.061237
 263 290.527849
 264 291.042987
 265 291.808827
 266 293.051301
 267 294.820960
 268 296.946287
 269 299.173575
 270 301.349693
 271 303.488290
 272 305.694339
 273 308.032198
 274 310.419234
 275 312.591548
 276 314.187518
 277 314.955888
 278 314.968080
 279 314.640543
 280 314.509615
 281 314.935949
 282 315.970883
 283 317.436311
 284 319.087201
 285 320.726683
 286 322.247149
 287 323.620365
 288 324.850742
 289 325.918390
 290 326.763587
 291 327.335767
 292 327.665023
 293 327.891803
 294 328.226697
 295 328.856745
 296 329.844601
 297 331.085549
 298 332.366987
 299 333.497960
 300 334.409428
 301 335.153977
 302 335.832357
 303 336.530730
 304 337.312143
 305 338.232780
 306 339.336073
 307 340.622614
 308 342.035502
 309 343.489101
 310 344.920100
 311 346.309872
 312 347.654437
 313 348.918827
 314 350.035659
 315 350.958261
 316 351.712997
 317 352.394467
 318 353.109442
 319 353.924925
 320 354.862970
 321 355.934620
 322 357.171426
 323 358.620322
 324 360.301855
 325 362.163813
 326 364.067846
 327 365.821274
 328 367.236187
 329 368.191948
 330 368.684112
 331 368.838573
 332 368.871638
 333 369.009178
 334 369.411476
 335 370.141186
 336 371.172872
 337 372.420421
 338 373.765714
 339 375.085662
 340 376.275899
 341 377.261484
 342 377.986000
 343 378.393017
 344 378.436717
 345 378.137673
 346 377.635212
 347 377.155472
 348 376.881046
 349 376.822682
 350 376.823977
 351 376.723703
 352 376.557925
 353 376.640273
 354 377.439425
 355 379.307178
 356 382.220395
 357 385.717626
 358 389.094352
 359 391.734947
 360 393.363785
 361 394.076212
 362 394.182222
 363 394.018025
 364 393.861914
 365 393.947844
 366 394.452510
 367 395.395651
 368 396.566793
 369 397.621438
 370 398.306339
 371 398.615509
 372 398.749261
 373 398.943138
 374 399.324469
 375 399.885266
 376 400.547881
 377 401.248746
 378 401.984017
 379 402.806327
 380 403.792329
 381 405.000934
 382 406.432641
 383 408.006554
 384 409.579616
 385 411.010430
 386 412.231186
 387 413.284596
 388 414.316879
 389 415.541991
 390 417.177483
 391 419.346198
 392 421.986485
 393 424.857358
 394 427.664708
 395 430.207086
 396 432.409695
 397 434.243507
 398 435.657348
 399 436.617606
 400 437.202057
 401 437.622919
 402 438.137103
 403 438.921576
 404 440.010239
 405 441.313406
 406 442.676613
 407 443.934749
 408 444.946634
 409 445.613634
 410 445.890990
 411 445.800146
 412 445.441997
 413 444.997923
 414 444.701884
 415 444.780447
 416 445.379532
 417 446.513092
 418 448.068891
 419 449.879421
 420 451.816396
 421 453.836467
 422 455.942362
 423 458.108589
 424 460.260665
 425 462.336111
 426 464.361409
 427 466.460982
 428 468.782994
 429 471.398335
 430 474.241855
 431 477.127235
 432 479.811846
 433 482.051396
 434 483.609500
 435 484.267291
 436 483.909698
 437 482.669079
 438 480.984713
 439 479.468721
 440 478.643953
 441 478.729657
 442 479.588228
 443 480.825578
 444 481.980755
 445 482.727610
 446 483.000638
 447 482.982519
 448 482.970960
 449 483.215345
 450 483.816868
 451 484.730066
 452 485.840053
 453 487.053619
 454 488.343813
 455 489.724290
 456 491.185105
 457 492.656851
 458 494.046396
 459 495.316315
 460 496.530495
 461 497.816893
 462 499.276945
 463 500.914964
 464 502.630383
 465 504.257860
 466 505.620132
 467 506.580108
 468 507.096785
 469 507.273887
 470 507.358763
 471 507.653049
 472 508.366425
 473 509.523879
 474 511.013839
 475 512.728001
 476 514.642718
 477 516.758107
 478 518.974538
 479 521.056137
 480 522.732804
 481 523.848272
 482 524.428924
 483 524.635260
 484 524.650381
 485 524.583247
 486 524.440948
 487 524.185200
 488 523.833163
 489 523.517975
 490 523.450408
 491 523.815884
 492 524.699311
 493 526.083003
 494 527.879504
 495 529.951273
 496 532.123684
 497 534.221290
 498 536.122346
 499 537.793346
 500 539.274145
 501 540.618449
 502 541.828153
 503 542.833535
 504 543.542752
 505 543.923681
 506 544.048344
 507 544.065721
 508 544.135173
 509 544.379920
 510 544.887871
 511 545.734975
 512 546.983618
 513 548.637347
 514 550.592089
 515 552.649429
 516 554.601693
 517 556.311120
 518 557.701975
 519 558.689415
 520 559.155499
 521 559.032369
 522 558.418248
 523 557.594827
 524 556.905569
 525 556.592114
 526 556.717877
 527 557.209600
 528 557.943707
 529 558.803347
 530 559.698485
 531 560.576678
 532 561.434120
 533 562.313623
 534 563.276327
 535 564.350414
 536 565.486550
 537 566.567186
 538 567.487217
 539 568.251826
 540 569.000688
 541 569.926676
 542 571.158091
 543 572.701908
 544 574.474270
 545 576.367157
 546 578.298812
 547 580.238934
 548 582.214890
 549 584.288300
 550 586.491347
 551 588.747273
 552 590.833819
 553 592.437784
 554 593.290729
 555 593.317105
 556 592.711155
 557 591.887594
 558 591.306800
 559 591.253238
 560 591.706500
 561 592.406038
 562 593.065498
 563 593.569780
 564 594.015471
 565 594.598791
 566 595.467333
 567 596.645314
 568 598.054292
 569 599.575268
 570 601.094052
 571 602.521878
 572 603.814845
 573 604.993149
 574 606.133424
 575 607.327359
 576 608.638206
 577 610.085175
 578 611.650010
 579 613.282920
 580 614.903703
 581 616.413787
 582 617.726232
 583 618.796982
 584 619.634013
 585 620.277508
 586 620.762726
 587 621.084314
 588 621.182022
 589 620.965969
 590 620.387477
 591 619.534828
 592 618.698858
 593 618.334586
 594 618.884690
 595 620.540983
 596 623.112171
 597 626.111507
 598 628.994387
 599 631.359999
 600 633.013187
 601 633.940767
 602 634.290027
 603 634.344535
 604 634.440287
 605 634.831211
 606 635.596426
 607 636.662551
 608 637.906158
 609 639.226122
 610 640.522918
 611 641.644158
 612 642.408553
 613 642.729995
 614 642.728399
 615 642.699078
 616 642.946513
 617 643.622914
 618 644.698204
 619 646.052014
 620 647.577716
 621 649.217136
 622 650.936867
 623 652.697957
 624 654.441470
 625 656.082656
 626 657.517134
 627 658.658283
 628 659.502983
 629 660.177622
 630 660.904335
 631 661.882349
 632 663.164179
 633 664.633509
 634 666.115536
 635 667.535028
 636 668.990915
 637 670.672631
 638 672.657051
 639 674.736667
 640 676.458896
 641 677.413880
 642 677.559043
 643 677.279086
 644 677.105554
 645 677.336142
 646 677.851530
 647 678.203368
 648 677.835047
 649 676.294837
 650 673.404184
 651 669.366594
 652 664.750093
 653 660.301295
 654 656.689549
 655 654.367639
 656 653.625635
 657 654.710405
 658 657.822076
 659 662.942435
 660 669.629161
 661 676.963860
 662 683.761637
 663 688.984177
 664 692.123785
 665 693.300177
 666 693.022150
 667 691.832731
 668 690.108288
 669 688.102130
 670 686.124985
 671 684.684111
 672 684.443017
 673 685.971663
 674 689.410050
 675 694.281930
 676 699.635712
 677 704.447142
 678 708.006396
 679 710.058605
 680 710.711854
 681 710.287395
 682 709.229624
 683 708.059748
 684 707.308868
 685 707.404732
 686 708.544745
 687 710.629945
 688 713.327055
 689 716.244727
 690 719.113859
 691 721.852663
 692 724.489133
 693 727.019035
 694 729.318078
 695 731.183321
 696 732.474074
 697 733.232705
 698 733.682509
 699 734.112814
 700 734.748350
 701 735.681354
 702 736.873378
 703 738.195629
 704 739.483475
 705 740.592612
 706 741.442381
 707 742.029704
 708 742.409592
 709 742.660821
 710 742.868257
 711 743.135384
 712 743.597891
 713 744.389022
 714 745.553683
 715 746.985641
 716 748.470285
 717 749.819844
 718 750.989368
 719 752.077182
 720 753.226295
 721 754.528661
 722 756.010210
 723 757.680181
 724 759.567315
 725 761.697489
 726 764.046313
 727 766.526273
 728 769.011398
 729 771.347659
 730 773.328491
 731 774.693215
 732 775.216196
 733 774.860432
 734 773.870178
 735 772.694237
 736 771.768158
 737 771.310708
 738 771.277585
 739 771.475625
 740 771.718912
 741 771.915042
 742 772.064694
 743 772.223477
 744 772.464916
 745 772.846935
 746 773.377556
 747 773.997724
 748 774.611814
 749 775.170680
 750 775.758334
 751 776.600587
 752 777.951788
 753 779.914129
 754 782.320534
 755 784.782374
 756 786.877362
 757 788.344493
 758 789.164624
 759 789.512672
 760 789.653118
 761 789.847174
 762 790.291273
 763 791.084308
 764 792.232667
 765 793.701429
 766 795.486791
 767 797.657839
 768 800.335849
 769 803.622997
 770 807.507852
 771 811.768188
 772 815.911479
 773 819.231434
 774 821.035512
 775 820.976881
 776 819.290321
 777 816.731979
 778 814.215053
 779 812.380321
 780 811.399755
 781 811.104136
 782 811.261236
 783 811.766871
 784 812.654200
 785 813.986215
 786 815.746647
 787 817.807708
 788 819.987283
 789 822.144839
 790 824.236450
 791 826.283338
 792 828.282347
 793 830.134458
 794 831.648874
 795 832.621487
 796 832.940574
 797 832.662381
 798 832.017563
 799 831.345184
 800 830.989114
 801 831.204923
 802 832.104673
 803 833.642722
 804 835.646358
 805 837.900701
 806 840.269247
 807 842.777511
 808 845.568879
 809 848.716351
 810 852.017986
 811 854.980513
 812 857.067740
 813 858.033036
 814 858.050380
 815 857.552997
 816 856.963230
 817 856.542282
 818 856.404414
 819 856.583125
 820 857.052112
 821 857.705077
 822 858.359569
 823 858.832935
 824 859.058346
 825 859.137840
 826 859.271937
 827 859.629434
 828 860.265620
 829 861.126166
 830 862.104100
 831 863.105469
 832 864.087715
 833 865.046945
 834 865.963660
 835 866.760149
 836 867.330064
 837 867.643930
 838 867.851645
 839 868.277789
 840 869.281250
 841 871.067483
 842 873.583575
 843 876.551447
 844 879.587233
 845 882.322762
 846 884.491873
 847 885.985907
 848 886.872647
 849 887.355631
 850 887.678240
 851 888.024435
 852 888.472696
 853 889.013762
 854 889.598840
 855 890.180615
 856 890.730789
 857 891.237616
 858 891.696589
 859 892.107594
 860 892.481056
 861 892.842058
 862 893.221422
 863 893.638527
 864 894.095792
 865 894.601713
 866 895.214873
 867 896.069797
 868 897.337844
 869 899.117386
 870 901.317109
 871 903.629367
 872 905.641268
 873 907.030850
 874 907.726632
 875 907.927541
 876 907.975623
 877 908.178246
 878 908.705269
 879 909.606099
 880 910.874464
 881 912.462263
 882 914.239733
 883 915.995583
 884 917.537015
 885 918.821022
 886 919.988382
 887 921.259604
 888 922.783155
 889 924.553328
 890 926.429557
 891 928.203406
 892 929.650493
 893 930.546857
 894 930.668655
 895 929.809676
 896 927.834922
 897 924.734871
 898 920.596892
 899 915.455835
 900 909.140157
 901 901.344844
 902 892.047390
 903 882.052061
 904 873.188932
 905 867.823005
 906 867.833116
 907 873.685740
 908 884.207490
 909 897.150936
 910 910.120846
 911 921.316623
 912 929.820757
 913 935.475226
 914 938.529488
 915 939.282555
 916 937.946730
 917 934.834599
 918 930.683374
 919 926.735795
 920 924.372743
 921 924.516581
 922 927.249781
 923 931.892826
 924 937.410720
 925 942.847609
 926 947.588937
 927 951.413066
 928 954.381172
 929 956.658135
 930 958.380312
 931 959.638587
 932 960.541313
 933 961.264203
 934 962.028798
 935 963.020216
 936 964.297831
 937 965.753517
 938 967.134461
 939 968.100345
 940 968.281055
 941 967.345404
 942 965.112725
 943 961.685256
 944 957.502820
 945 953.229012
 946 949.498447
 947 946.684610
 948 944.854887
 949 943.945315
 950 944.018112
 951 945.385640
 952 948.465509
 953 953.445778
 954 960.021958
 955 967.425756
 956 974.720014
 957 981.137928
 958 986.270337
 959 990.056592
 960 992.643670
 961 994.215134
 962 994.892576
 963 994.763679
 964 993.992607
 965 992.896821
 966 991.900235
 967 991.371118
 968 991.440582
 969 991.913102
 970 992.320468
 971 992.083177
 972 990.702140
 973 987.936906
 974 983.964365
 975 979.467228
 976 975.524319
 977 973.229015
 978 973.186992
 979 975.226712
 980 978.552238
 981 982.224429
 982 985.603146
 983 988.471729
 984 990.878573
 985 992.927662
 986 994.676656
 987 996.131573
 988 997.271830
 989 998.081798
 990 998.582870
 991 998.843113
 992 998.952868
 993 998.989190
 994 998.998229
 995 998.999816
 996 998.999991
 997 999.000000
 998 999.000000
 999 999.000000
