Output:
   0 0.500000
   1 1.500000
   2 2.500000
   3 3.500000
   4 4.500000
   5 5.500000
   6 6.500000
   7 7.500000
   8 8.500000
   9 9.500000
  10 10.500000
  11 11.500000
  12 12.500000
  13 13.500000
  14 14.500000
  15 15.500000
  16 16.500000
  17 17.500000
  18 18.500000
  19 19.500000
  20 20.500000
  21 21.500000
  22 22.500000
  23 23.500000
  24 24.500000
  25 25.500000
  26 26.500000
  27 27.500000
  28 28.500000
  29 29.500000
  30 30.500000
  31 31.500000
  32 32.500000
  33 33.500000
  34 34.500000
  35 35.500000
  36 36.500000
  37 37.500000
  38 38.500000
  39 39.500000
  40 40.500000
  41 41.500000
  42 42.500000
  43 43.500000
  44 44.500000
  45 45.500000
  46 46.500000
  47 47.500000
  48 48.500000
  49 49.500000
  50 50.500000
  51 51.500000
  52 52.500000
  53 53.500000
  54 54.500000
  55 55.500000
  56 56.500000
  57 57.500000
  58 58.500000
  59 59.500000
  60 60.500000
  61 61.500000
  62 62.500000
  63 63.500000
  64 64.500000
  65 65.500000
  66 66.500000
  67 67.500000
  68 68.500000
  69 69.500000
  70 70.500000
  71 71.500000
  72 72.500000
  73 73.500000
  74 74.500000
  75 75.500000
  76 76.500000
  77 77.500000
  78 78.500000
  79 79.500000
  80 80.500000
  81 81.500000
  82 82.500000
  83 83.500000
  84 84.500000
  85 85.500000
  86 86.500000
  87 87.500000
  88 88.500000
  89 89.500000
  90 90.500000
  91 91.500000
  92 92.500000
  93 93.500000
  94 94.500000
  95 95.500000
  96 96.500000
  97 97.500000
  98 98.500000
  99 99.500000
 100 100.500000
 101 101.500000
 102 102.500000
 103 103.500000
 104 104.500000
 105 105.500000
 106 106.500000
 107 107.500000
 108 108.500000
 109 109.500000
 110 110.500000
 111 111.500000
 112 112.500000
 113 113.500000
 114 114.500000
 115 115.500000
 116 116.500000
 117 117.500000
 118 118.500000
 119 119.500000
 120 120.500000
 121 121.500000
 122 122.500000
 123 123.500000
 124 124.500000
 125 125.500000
 126 126.500000
 127 127.500000
 128 128.500000
 129 129.500000
 130 130.500000
 131 131.500000
 132 132.500000
 133 133.500000
 134 134.500000
 135 135.500000
 136 136.500000
 137 137.500000
 138 138.500000
 139 139.500000
 140 140.500000
 141 141.500000
 142 142.500000
 143 143.500000
 144 144.500000
 145 145.500000
 146 146.500000
 147 147.500000
 148 148.500000
 149 149.500000
 150 150.500000
 151 151.500000
 152 152.500000
 153 153.500000
 154 154.500000
 155 155.500000
 156 156.500000
 157 157.500000
 158 158.500000
 159 159.500000
 160 160.500000
 161 161.500000
 162 162.500000
 163 163.500000
 164 164.500000
 165 165.500000
 166 166.500000
 167 167.500000
 168 168.500000
 169 169.500000
 170 170.500000
 171 171.500000
 172 172.500000
 173 173.500000
 174 174.500000
 175 175.500000
 176 176.500000
 177 177.500000
 178 178.500000
 179 179.500000
 180 180.500000
 181 181.500000
 182 182.500000
 183 183.500000
 184 184.500000
 185 185.500000
 186 186.500000
 187 187.500000
 188 188.500000
 189 189.500000
 190 190.500000
 191 191.500000
 192 192.500000
 193 193.500000
 194 194.500000
 195 195.500000
 196 196.500000
 197 197.500000
 198 198.500000
 199 199.500000
 200 200.500000
 201 201.500000
 202 202.500000
 203 203.500000
 204 204.500000
 205 205.500000
 206 206.500000
 207 207.500000
 208 208.500000
 209 209.500000
 210 210.500000
 211 211.500000
 212 212.500000
 213 213.500000
 214 214.500000
 215 215.500000
 216 216.500000
 217 217.500000
 218 218.500000
 219 219.500000
 220 220.500000
 221 221.500000
 222 222.500000
 223 223.500000
 224 224.500000
 225 225.500000
 226 226.500000
 227 227.500000
 228 228.500000
 229 229.500000
 230 230.500000
 231 231.500000
 232 232.500000
 233 233.500000
 234 234.500000
 235 235.500000
 236 236.500000
 237 237.500000
 238 238.500000
 239 239.500000
 240 240.500000
 241 241.500000
 242 242.500000
 243 243.500000
 244 244.500000
 245 245.500000
 246 246.500000
 247 247.500000
 248 248.500000
 249 249.500000
 250 250.500000
 251 251.500000
 252 252.500000
 253 253.500000
 254 254.500000
 255 255.500000
 256 256.500000
 257 257.500000
 258 258.500000
 259 259.500000
 260 260.500000
 261 261.500000
 262 262.500000
 263 263.500000
 264 264.500000
 265 265.500000
 266 266.500000
 267 267.500000
 268 268.500000
 269 269.500000
 270 270.500000
 271 271.500000
 272 272.500000
 273 273.500000
 274 274.500000
 275 275.500000
 276 276.500000
 277 277.500000
 278 278.500000
 279 279.500000
 280 280.500000
 281 281.500000
 282 282.500000
 283 283.500000
 284 284.500000
 285 285.500000
 286 286.500000
 287 287.500000
 288 288.500000
 289 289.500000
 290 290.500000
 291 291.500000
 292 292.500000
 293 293.500000
 294 294.500000
 295 295.500000
 296 296.500000
 297 297.500000
 298 298.500000
 299 299.500000
 300 300.500000
 301 301.500000
 302 302.500000
 303 303.500000
 304 304.500000
 305 305.500000
 306 306.500000
 307 307.500000
 308 308.500000
 309 309.500000
 310 310.500000
 311 311.500000
 312 312.500000
 313 313.500000
 314 314.500000
 315 315.500000
 316 316.500000
 317 317.500000
 318 318.500000
 319 319.500000
 320 320.500000
 321 321.500000
 322 322.500000
 323 323.500000
 324 324.500000
 325 325.500000
 326 326.500000
 327 327.500000
 328 328.500000
 329 329.500000
 330 330.500000
 331 331.500000
 332 332.500000
 333 333.500000
 334 334.500000
 335 335.500000
 336 336.500000
 337 337.500000
 338 338.500000
 339 339.500000
 340 340.500000
 341 341.500000
 342 342.500000
 343 343.500000
 344 344.500000
 345 345.500000
 346 346.500000
 347 347.500000
 348 348.500000
 349 349.500000
 350 350.500000
 351 351.500000
 352 352.500000
 353 353.500000
 354 354.500000
 355 355.500000
 356 356.500000
 357 357.500000
 358 358.500000
 359 359.500000
 360 360.500000
 361 361.500000
 362 362.500000
 363 363.500000
 364 364.500000
 365 365.500000
 366 366.500000
 367 367.500000
 368 368.500000
 369 369.500000
 370 370.500000
 371 371.500000
 372 372.500000
 373 373.500000
 374 374.500000
 375 375.500000
 376 376.500000
 377 377.500000
 378 378.500000
 379 379.500000
 380 380.500000
 381 381.500000
 382 382.500000
 383 383.500000
 384 384.500000
 385 385.500000
 386 386.500000
 387 387.500000
 388 388.500000
 389 389.500000
 390 390.500000
 391 391.500000
 392 392.500000
 393 393.500000
 394 394.500000
 395 395.500000
 396 396.500000
 397 397.500000
 398 398.500000
 399 399.500000
 400 400.500000
 401 401.500000
 402 402.500000
 403 403.500000
 404 404.500000
 405 405.500000
 406 406.500000
 407 407.500000
 408 408.500000
 409 409.500000
 410 410.500000
 411 411.500000
 412 412.500000
 413 413.500000
 414 414.500000
 415 415.500000
 416 416.500000
 417 417.500000
 418 418.500000
 419 419.500000
 420 420.500000
 421 421.500000
 422 422.500000
 423 423.500000
 424 424.500000
 425 425.500000
 426 426.500000
 427 427.500000
 428 428.500000
 429 429.500000
 430 430.500000
 431 431.500000
 432 432.500000
 433 433.500000
 434 434.500000
 435 435.500000
 436 436.500000
 437 437.500000
 438 438.500000
 439 439.500000
 440 440.500000
 441 441.500000
 442 442.500000
 443 443.500000
 444 444.500000
 445 445.500000
 446 446.500000
 447 447.500000
 448 448.500000
 449 449.500000
 450 450.500000
 451 451.500000
 452 452.500000
 453 453.500000
 454 454.500000
 455 455.500000
 456 456.500000
 457 457.500000
 458 458.500000
 459 459.500000
 460 460.500000
 461 461.500000
 462 462.500000
 463 463.500000
 464 464.500000
 465 465.500000
 466 466.500000
 467 467.500000
 468 468.500000
 469 469.500000
 470 470.500000
 471 471.500000
 472 472.500000
 473 473.500000
 474 474.500000
 475 475.500000
 476 476.500000
 477 477.500000
 478 478.500000
 479 479.500000
 480 480.500000
 481 481.500000
 482 482.500000
 483 483.500000
 484 484.500000
 485 485.500000
 486 486.500000
 487 487.500000
 488 488.500000
 489 489.500000
 490 490.500000
 491 491.500000
 492 492.500000
 493 493.500000
 494 494.500000
 495 495.500000
 496 496.500000
 497 497.500000
 498 498.500000
 499 499.500000
 500 500.500000
 501 501.500000
 502 502.500000
 503 503.500000
 504 504.500000
 505 505.500000
 506 506.500000
 507 507.500000
 508 508.500000
 509 509.500000
 510 510.500000
 511 511.500000
 512 512.500000
 513 513.500000
 514 514.500000
 515 515.500000
 516 516.500000
 517 517.500000
 518 518.500000
 519 519.500000
 520 520.500000
 521 521.500000
 522 522.500000
 523 523.500000
 524 524.500000
 525 525.500000
 526 526.500000
 527 527.500000
 528 528.500000
 529 529.500000
 530 530.500000
 531 531.500000
 532 532.500000
 533 533.500000
 534 534.500000
 535 535.500000
 536 536.500000
 537 537.500000
 538 538.500000
 539 539.500000
 540 540.500000
 541 541.500000
 542 542.500000
 543 543.500000
 544 544.500000
 545 545.500000
 546 546.500000
 547 547.500000
 548 548.500000
 549 549.500000
 550 550.500000
 551 551.500000
 552 552.500000
 553 553.500000
 554 554.500000
 555 555.500000
 556 556.500000
 557 557.500000
 558 558.500000
 559 559.500000
 560 560.500000
 561 561.500000
 562 562.500000
 563 563.500000
 564 564.500000
 565 565.500000
 566 566.500000
 567 567.500000
 568 568.500000
 569 569.500000
 570 570.500000
 571 571.500000
 572 572.500000
 573 573.500000
 574 574.500000
 575 575.500000
 576 576.500000
 577 577.500000
 578 578.500000
 579 579.500000
 580 580.500000
 581 581.500000
 582 582.500000
 583 583.500000
 584 584.500000
 585 585.500000
 586 586.500000
 587 587.500000
 588 588.500000
 589 589.500000
 590 590.500000
 591 591.500000
 592 592.500000
 593 593.500000
 594 594.500000
 595 595.500000
 596 596.500000
 597 597.500000
 598 598.500000
 599 599.500000
 600 600.500000
 601 601.500000
 602 602.500000
 603 603.500000
 604 604.500000
 605 605.500000
 606 606.500000
 607 607.500000
 608 608.500000
 609 609.500000
 610 610.500000
 611 611.500000
 612 612.500000
 613 613.500000
 614 614.500000
 615 615.500000
 616 616.500000
 617 617.500000
 618 618.500000
 619 619.500000
 620 620.500000
 621 621.500000
 622 622.500000
 623 623.500000
 624 624.500000
 625 625.500000
 626 626.500000
 627 627.500000
 628 628.500000
 629 629.500000
 630 630.500000
 631 631.500000
 632 632.500000
 633 633.500000
 634 634.500000
 635 635.500000
 636 636.500000
 637 637.500000
 638 638.500000
 639 639.500000
 640 640.500000
 641 641.500000
 642 642.500000
 643 643.500000
 644 644.500000
 645 645.500000
 646 646.500000
 647 647.500000
 648 648.500000
 649 649.500000
 650 650.500000
 651 651.500000
 652 652.500000
 653 653.500000
 654 654.500000
 655 655.500000
 656 656.500000
 657 657.500000
 658 658.500000
 659 659.500000
 660 660.500000
 661 661.500000
 662 662.500000
 663 663.500000
 664 664.500000
 665 665.500000
 666 666.500000
 667 667.500000
 668 668.500000
 669 669.500000
 670 670.500000
 671 671.500000
 672 672.500000
 673 673.500000
 674 674.500000
 675 675.500000
 676 676.500000
 677 677.500000
 678 678.500000
 679 679.500000
 680 680.500000
 681 681.500000
 682 682.500000
 683 683.500000
 684 684.500000
 685 685.500000
 686 686.500000
 687 687.500000
 688 688.500000
 689 689.500000
 690 690.500000
 691 691.500000
 692 692.500000
 693 693.500000
 694 694.500000
 695 695.500000
 696 696.500000
 697 697.500000
 698 698.500000
 699 699.500000
 700 700.500000
 701 701.500000
 702 702.500000
 703 703.500000
 704 704.500000
 705 705.500000
 706 706.500000
 707 707.500000
 708 708.500000
 709 709.500000
 710 710.500000
 711 711.500000
 712 712.500000
 713 713.500000
 714 714.500000
 715 715.500000
 716 716.500000
 717 717.500000
 718 718.500000
 719 719.500000
 720 720.500000
 721 721.500000
 722 722.500000
 723 723.500000
 724 724.500000
 725 725.500000
 726 726.500000
 727 727.500000
 728 728.500000
 729 729.500000
 730 730.500000
 731 731.500000
 732 732.500000
 733 733.500000
 734 734.500000
 735 735.500000
 736 736.500000
 737 737.500000
 738 738.500000
 739 739.500000
 740 740.500000
 741 741.500000
 742 742.500000
 743 743.500000
 744 744.500000
 745 745.500000
 746 746.500000
 747 747.500000
 748 748.500000
 749 749.500000
 750 750.500000
 751 751.500000
 752 752.500000
 753 753.500000
 754 754.500000
 755 755.500000
 756 756.500000
 757 757.500000
 758 758.500000
 759 759.500000
 760 760.500000
 761 761.500000
 762 762.500000
 763 763.500000
 764 764.500000
 765 765.500000
 766 766.500000
 767 767.500000
 768 768.500000
 769 769.500000
 770 770.500000
 771 771.500000
 772 772.500000
 773 773.500000
 774 774.500000
 775 775.500000
 776 776.500000
 777 777.500000
 778 778.500000
 779 779.500000
 780 780.500000
 781 781.500000
 782 782.500000
 783 783.500000
 784 784.500000
 785 785.500000
 786 786.500000
 787 787.500000
 788 788.500000
 789 789.500000
 790 790.500000
 791 791.500000
 792 792.500000
 793 793.500000
 794 794.500000
 795 795.500000
 796 796.500000
 797 797.500000
 798 798.500000
 799 799.500000
 800 800.500000
 801 801.500000
 802 802.500000
 803 803.500000
 804 804.500000
 805 805.500000
 806 806.500000
 807 807.500000
 808 808.500000
 809 809.500000
 810 810.500000
 811 811.500000
 812 812.500000
 813 813.500000
 814 814.500000
 815 815.500000
 816 816.500000
 817 817.500000
 818 818.500000
 819 819.500000
 820 820.500000
 821 821.500000
 822 822.500000
 823 823.500000
 824 824.500000
 825 825.500000
 826 826.500000
 827 827.500000
 828 828.500000
 829 829.500000
 830 830.500000
 831 831.500000
 832 832.500000
 833 833.500000
 834 834.500000
 835 835.500000
 836 836.500000
 837 837.500000
 838 838.500000
 839 839.500000
 840 840.500000
 841 841.500000
 842 842.500000
 843 843.500000
 844 844.500000
 845 845.500000
 846 846.500000
 847 847.500000
 848 848.500000
 849 849.500000
 850 850.500000
 851 851.500000
 852 852.500000
 853 853.500000
 854 854.500000
 855 855.500000
 856 856.500000
 857 857.500000
 858 858.500000
 859 859.500000
 860 860.500000
 861 861.500000
 862 862.500000
 863 863.500000
 864 864.500000
 865 865.500000
 866 866.500000
 867 867.500000
 868 868.500000
 869 869.500000
 870 870.500000
 871 871.500000
 872 872.500000
 873 873.500000
 874 874.500000
 875 875.500000
 876 876.500000
 877 877.500000
 878 878.500000
 879 879.500000
 880 880.500000
 881 881.500000
 882 882.500000
 883 883.500000
 884 884.500000
 885 885.500000
 886 886.500000
 887 887.500000
 888 888.500000
 889 889.500000
 890 890.500000
 891 891.500000
 892 892.500000
 893 893.500000
 894 894.500000
 895 895.500000
 896 896.500000
 897 897.500000
 898 898.500000
 899 899.500000
 900 900.500000
 901 901.500000
 902 902.500000
 903 903.500000
 904 904.500000
 905 905.500000
 906 906.500000
 907 907.500000
 908 908.500000
 909 909.500000
 910 910.500000
 911 911.500000
 912 912.500000
 913 913.500000
 914 914.500000
 915 915.500000
 916 916.500000
 917 917.500000
 918 918.500000
 919 919.500000
 920 920.500000
 921 921.500000
 922 922.500000
 923 923.500000
 924 924.500000
 925 925.500000
 926 926.500000
 927 927.500000
 928 928.500000
 929 929.500000
 930 930.500000
 931 931.500000
 932 932.500000
 933 933.500000
 934 934.500000
 935 935.500000
 936 936.500000
 937 937.500000
 938 938.500000
 939 939.500000
 940 940.500000
 941 941.500000
 942 942.500000
 943 943.500000
 944 944.500000
 945 945.500000
 946 946.500000
 947 947.500000
 948 948.500000
 949 949.500000
 950 950.500000
 951 951.500000
 952 952.500000
 953 953.500000
 954 954.500000
 955 955.500000
 956 956.500000
 957 957.500000
 958 958.500000
 959 959.500000
 960 960.500000
 961 961.500000
 962 962.500000
 963 963.500000
 964 964.500000
 965 965.500000
 966 966.500000
 967 967.500000
 968 968.500000
 969 969.500000
 970 970.500000
 971 971.500000
 972 972.500000
 973 973.500000
 974 974.500000
 975 975.500000
 976 976.500000
 977 977.500000
 978 978.500000
 979 979.500000
 980 980.500000
 981 981.500000
 982 982.500000
 983 983.500000
 984 984.500000
 985 985.500000
 986 986.500000
 987 987.500000
 988 988.500000
 989 989.500000
 990 990.500000
 991 991.500000
 992 992.500000
 993 993.500000
 994 994.500000
 995 995.500000
 996 996.500000
 997 997.500000
 998 998.500000
 999 999.000000
